17 130449 2
28 128899 142
29 1928.56 143
39 129854 3
50 129664 140
54 1698.66 1
61 133223 1
62 1044.21 2
65 1076.01 122
70 1001.86 1
72 119966 1
76 1021.31 1
80 1055.37 127
81 1038.23 3
83 128746 1
91 1014.38 117
92 1043.66 2
94 115722 89
98 1029.54 5
105 81461.7 8
109 1404.42 3
112 2297.56 4
113 2358.76 119
114 2885.04 7
116 113718 2
120 1387.2 2
121 1981.86 6
122 2082.05 6
124 5281.64 2
125 4955.29 111
126 1954.42 2
127 104846 3
128 1945.08 6
129 2900.41 2
131 4782.26 2
132 1950.9 4
133 1725.08 4
135 3443.26 2
136 3854.2 108
137 1950.85 2
138 104504 2
139 1975.14 1
140 2075.08 6
141 1027.54 6
142 4035.43 3
143 3304.6 6
144 2210.1 4
145 2654.59 25
146 3090.87 4
147 18540.7 59
148 3547.66 3
149 57748.4 21
151 1250.58 2
153 7242.89 3
154 1309.36 4
156 1039.52 8
157 2664.35 2
158 6931.3 44
159 1239.19 2
160 43733.1 1
161 1663.24 2
162 1114.52 22
163 1270.08 5
164 21366.9 4
165 5004.68 5
166 3484.4 6
167 3806.46 17
168 5214.86 3
169 16392.1 58
170 2780.63 4
171 54975 3
172 3916.63 4
173 3026.48 22
174 2953.11 5
175 21721.7 7
176 4453.16 5
177 5410.68 7
178 4964.66 22
179 5947.2 4
180 20172.4 45
181 4033.81 4
182 44716.7 6
183 3299.37 2
184 5382.44 18
185 2195.7 7
186 18148 5
187 5609.41 9
188 5182.07 7
189 8047.33 21
190 6326.43 5
191 21338.9 45
192 3948.92 7
193 41920.4 11
194 6638.7 7
195 10541.2 15
196 6110.46 8
197 14033.2 7
198 7292.61 9
199 6682.79 12
200 8430.71 28
201 10548.4 5
202 27053 40
203 4883.51 8
204 39326.7 11
205 7942.06 6
206 10506.5 15
207 5856.03 6
208 15087.5 7
209 6117.55 8
210 7254.65 11
211 8105.64 27
212 11354.5 6
213 29270.8 40
214 6520.07 10
215 39153.1 12
216 9524.7 7
217 11753 15
218 6801.86 6
219 14165.6 8
220 5881.38 8
221 7802.95 11
222 7698.16 27
223 10546.4 6
224 25887.5 40
225 5775.03 10
226 38790.7 12
227 9937.73 7
228 11610.3 15
229 6816.96 6
230 15195.2 8
231 5630.41 8
232 7970.49 13
233 7880.64 28
234 10958.1 7
235 26376.8 41
236 6012.97 9
237 36621.5 10
238 8524.85 5
239 9443.61 16
240 4728.3 5
241 14078.4 7
242 4644.27 6
243 6608.63 13
244 5783.41 25
245 12226.8 7
246 24146.6 39
247 6739.53 11
248 38030.4 15
249 10414.8 8
250 12423.2 17
251 6970.6 6
252 15731.3 7
253 5158.76 9
254 6747 13
255 8119.36 23
256 11955.7 9
257 22226.4 23
258 8803.35 
