17 130449 140
28 128899 2
29 1928.56 142
39 129854 143
50 129664 3
54 1698.66 140
61 133223 1
62 1044.21 1
65 1076.01 2
70 1001.86 122
72 119966 1
76 1021.31 1
80 1055.37 1
81 1038.23 127
83 128746 3
91 1014.38 1
92 1043.66 117
94 115722 2
98 1029.54 89
105 81461.7 5
109 1404.42 8
112 2297.56 3
113 2358.76 4
114 2885.04 119
116 113718 7
120 1387.2 2
121 1981.86 2
122 2082.05 6
124 5281.64 6
125 4955.29 2
126 1954.42 111
127 104846 2
128 1945.08 3
129 2900.41 6
131 4782.26 2
132 1950.9 2
133 1725.08 4
135 3443.26 4
136 3854.2 2
137 1950.85 108
138 104504 2
139 1975.14 2
140 2075.08 1
141 1027.54 6
142 4035.43 6
143 3304.6 3
144 2210.1 6
145 2654.59 4
146 3090.87 25
147 18540.7 4
148 3547.66 59
149 57748.4 3
151 1250.58 21
153 7242.89 2
154 1309.36 3
156 1039.52 4
157 2664.35 8
158 6931.3 2
159 1239.19 44
160 43733.1 2
161 1663.24 1
162 1114.52 2
163 1270.08 22
164 21366.9 5
165 5004.68 4
166 3484.4 5
167 3806.46 6
168 5214.86 17
169 16392.1 3
170 2780.63 58
171 54975 4
172 3916.63 3
173 3026.48 4
174 2953.11 22
175 21721.7 5
176 4453.16 7
177 5410.68 5
178 4964.66 7
179 5947.2 22
180 20172.4 4
181 4033.81 45
182 44716.7 4
183 3299.37 6
184 5382.44 2
185 2195.7 18
186 18148 7
187 5609.41 5
188 5182.07 9
189 8047.33 7
190 6326.43 21
191 21338.9 5
192 3948.92 45
193 41920.4 7
194 6638.7 11
195 10541.2 7
196 6110.46 15
197 14033.2 8
198 7292.61 7
199 6682.79 9
200 8430.71 12
201 10548.4 28
202 27053 5
203 4883.51 40
204 39326.7 8
205 7942.06 11
206 10506.5 6
207 5856.03 15
208 15087.5 6
209 6117.55 7
210 7254.65 8
211 8105.64 11
212 11354.5 27
213 29270.8 6
214 6520.07 40
215 39153.1 10
216 9524.7 12
217 11753 7
218 6801.86 15
219 14165.6 6
220 5881.38 8
221 7802.95 8
222 7698.16 11
223 10546.4 27
224 25887.5 6
225 5775.03 40
226 38790.7 10
227 9937.73 12
228 11610.3 7
229 6816.96 15
230 15195.2 6
231 5630.41 8
232 7970.49 8
233 7880.64 13
234 10958.1 28
235 26376.8 7
236 6012.97 41
237 36621.5 9
238 8524.85 10
239 9443.61 5
240 4728.3 16
241 14078.4 5
242 4644.27 7
243 6608.63 6
244 5783.41 13
245 12226.8 25
246 24146.6 7
247 6739.53 39
248 38030.4 11
249 10414.8 15
250 12423.2 8
251 6970.6 17
252 15731.3 6
253 5158.76 7
254 6747 9
255 8119.36 13
256 11955.7 23
257 22226.4 9
258 8803.35 23
