17 130449 NA
28 128899 140
29 1928.56 2
39 129854 142
50 129664 143
54 1698.66 3
61 133223 140
62 1044.21 1
65 1076.01 1
70 1001.86 2
72 119966 122
76 1021.31 1
80 1055.37 1
81 1038.23 1
83 128746 127
91 1014.38 3
92 1043.66 1
94 115722 117
98 1029.54 2
105 81461.7 89
109 1404.42 5
112 2297.56 8
113 2358.76 3
114 2885.04 4
116 113718 119
120 1387.2 7
121 1981.86 2
122 2082.05 2
124 5281.64 6
125 4955.29 6
126 1954.42 2
127 104846 111
128 1945.08 2
129 2900.41 3
131 4782.26 6
132 1950.9 2
133 1725.08 2
135 3443.26 4
136 3854.2 4
137 1950.85 2
138 104504 108
139 1975.14 2
140 2075.08 2
141 1027.54 1
142 4035.43 6
143 3304.6 6
144 2210.1 3
145 2654.59 6
146 3090.87 4
147 18540.7 25
148 3547.66 4
149 57748.4 59
151 1250.58 3
153 7242.89 21
154 1309.36 2
156 1039.52 3
157 2664.35 4
158 6931.3 8
159 1239.19 2
160 43733.1 44
161 1663.24 2
162 1114.52 1
163 1270.08 2
164 21366.9 22
165 5004.68 5
166 3484.4 4
167 3806.46 5
168 5214.86 6
169 16392.1 17
170 2780.63 3
171 54975 58
172 3916.63 4
173 3026.48 3
174 2953.11 4
175 21721.7 22
176 4453.16 5
177 5410.68 7
178 4964.66 5
179 5947.2 7
180 20172.4 22
181 4033.81 4
182 44716.7 45
183 3299.37 4
184 5382.44 6
185 2195.7 2
186 18148 18
187 5609.41 7
188 5182.07 5
189 8047.33 9
190 6326.43 7
191 21338.9 21
192 3948.92 5
193 41920.4 45
194 6638.7 7
195 10541.2 11
196 6110.46 7
197 14033.2 15
198 7292.61 8
199 6682.79 7
200 8430.71 9
201 10548.4 12
202 27053 28
203 4883.51 5
204 39326.7 40
205 7942.06 8
206 10506.5 11
207 5856.03 6
208 15087.5 15
209 6117.55 6
210 7254.65 7
211 8105.64 8
212 11354.5 11
213 29270.8 27
214 6520.07 6
215 39153.1 40
216 9524.7 10
217 11753 12
218 6801.86 7
219 14165.6 15
220 5881.38 6
221 7802.95 8
222 7698.16 8
223 10546.4 11
224 25887.5 27
225 5775.03 6
226 38790.7 40
227 9937.73 10
228 11610.3 12
229 6816.96 7
230 15195.2 15
231 5630.41 6
232 7970.49 8
233 7880.64 8
234 10958.1 13
235 26376.8 28
236 6012.97 7
237 36621.5 41
238 8524.85 9
239 9443.61 10
240 4728.3 5
241 14078.4 16
242 4644.27 5
243 6608.63 7
244 5783.41 6
245 12226.8 13
246 24146.6 25
247 6739.53 7
248 38030.4 39
249 10414.8 11
250 12423.2 15
251 6970.6 8
252 15731.3 17
253 5158.76 6
254 6747 7
255 8119.36 9
256 11955.7 13
257 22226.4 23
258 8803.35 9
